[1] "Overall"
[1] 0.7466667
[1] 1
[1] 60
[1] 2
[1] 93.33333
[1] 3
[1] 66.66667
[1] 4
[1] 80
[1] 5
[1] 66.66667
[1] 6
[1] 93.33333
[1] 7
[1] 93.33333
[1] 8
[1] 66.66667
[1] 9
[1] 60
[1] 10
[1] 66.66667
            labelsFactor
choiceFactor  1  2  3  4  5  6  7  8  9 10
          1   9  0  0  0  1  0  0  0  1  0
          2   0 14  0  0  0  0  0  0  0  0
          3   2  0 10  1  0  0  0  1  1  1
          4   0  0  0 12  0  0  1  3  2  1
          5   0  0  0  0 10  0  0  0  1  0
          6   0  1  0  0  0 14  0  0  0  0
          7   0  0  1  1  0  1 14  0  0  1
          8   1  0  0  0  1  0  0 10  0  1
          9   0  0  0  1  3  0  0  0  9  1
          10  3  0  4  0  0  0  0  1  1 10
Confusion Matrix and Statistics

            labelsFactor
choiceFactor  1  2  3  4  5  6  7  8  9 10
          1   9  0  0  0  1  0  0  0  1  0
          2   0 14  0  0  0  0  0  0  0  0
          3   2  0 10  1  0  0  0  1  1  1
          4   0  0  0 12  0  0  1  3  2  1
          5   0  0  0  0 10  0  0  0  1  0
          6   0  1  0  0  0 14  0  0  0  0
          7   0  0  1  1  0  1 14  0  0  1
          8   1  0  0  0  1  0  0 10  0  1
          9   0  0  0  1  3  0  0  0  9  1
          10  3  0  4  0  0  0  0  1  1 10

Overall Statistics
                                          
               Accuracy : 0.7467          
                 95% CI : (0.6693, 0.8141)
    No Information Rate : 0.1             
    P-Value [Acc > NIR] : < 2.2e-16       
                                          
                  Kappa : 0.7185          
 Mcnemar's Test P-Value : NA              

Statistics by Class:

                     Class: 1 Class: 2 Class: 3 Class: 4 Class: 5 Class: 6
Sensitivity           0.60000  0.93333  0.66667   0.8000  0.66667  0.93333
Specificity           0.98519  1.00000  0.95556   0.9481  0.99259  0.99259
Pos Pred Value        0.81818  1.00000  0.62500   0.6316  0.90909  0.93333
Neg Pred Value        0.95683  0.99265  0.96269   0.9771  0.96403  0.99259
Prevalence            0.10000  0.10000  0.10000   0.1000  0.10000  0.10000
Detection Rate        0.06000  0.09333  0.06667   0.0800  0.06667  0.09333
Detection Prevalence  0.07333  0.09333  0.10667   0.1267  0.07333  0.10000
Balanced Accuracy     0.79259  0.96667  0.81111   0.8741  0.82963  0.96296
                     Class: 7 Class: 8 Class: 9 Class: 10
Sensitivity           0.93333  0.66667  0.60000   0.66667
Specificity           0.97037  0.97778  0.96296   0.93333
Pos Pred Value        0.77778  0.76923  0.64286   0.52632
Neg Pred Value        0.99242  0.96350  0.95588   0.96183
Prevalence            0.10000  0.10000  0.10000   0.10000
Detection Rate        0.09333  0.06667  0.06000   0.06667
Detection Prevalence  0.12000  0.08667  0.09333   0.12667
Balanced Accuracy     0.95185  0.82222  0.78148   0.80000
