distance = 1; optimal
k = 9; 68.428
                    1                   2                   3
optimal         (9,68.428)          (10,68.428)       (7,65.14)
rectangular     (2,64.71)           (4,66.857)        (5,63.857)
triangular      (10,69)             (8,68.714)        (6,67.285)
epanechnikov    (9,69)              (6,68.42857)      (6,67.285)
biweight        (11,67.857)         (11,69)           (17,68.142)
triweight       (43,68.571)         (27,69.285)       (34,68) 
cos             (9,69)              (8,68.714)        (6,67.285)
inv             (5,67)              (5,69.20)         (5,65.857)
gaussian        (5,66.57)           (5,69.285)        (5,66.142)
rank            (5,67.57)           (5,67.71)         (5,65.142)
